1	1000001	31.06747760417072	4.2816036289804424	2.406596809515045	1.400669881717931	1.1098662127105272	0.9442827237488081	1.1561190002720272	1.0397620772013336	0.8933014231150096	0.7363067593995233	0.6170495262759985	0.5448114516151326	0.5680532744885578	0.3023966686695783	0.29929681218485205	0.252677099558843	0.09538483709726393	0.41540534037937826	0.38191927632698847	0.5596783487445174	0.39110366531004404	0.44501835308056453	0.4958454568643104	0.6051745212586842	0.5470687454172498	0.5684907372679803	0.5824506322961279	0.5068727093795992	0.4674138990327994	0.4209344852012638	0.4863315525173401	0.44017686410230167	0.6154458245978335	0.1800522400142496	0.2149114065557031	0.15671896447531322	0.19035049309121033	0.2679974548308601	0.25808799192843973	0.0	0.0	0.0	0.0	0.28393743489954015	0.8637138738261461	0.0	2.6711151283141925	1.8813941338560833	0.0	0.2752675895590962	0.33235073025107464	0.3270079114218117	0.3756255649191833	1.081801626967248	0.11321531628927993	0.09604468106829986	0.10085082871953276	0.10852762614494693	0.06058267295348805	0.06543224433316688	0.07774169695064782	0.0669971626333559	0.05963360172838759	0.05368258175052884	0.050621767131736564	0.060104860614102196	0.037022642948913345	0.06260878981218247	0.06236505377413783	0.09005823941793265	0.08186972482518699	0.08314926447358682	0.06600530894597528	0.04804194378284368	0.0671448888007622	0.04501383573433985	0.07131314394094097	0.05744685579720484	0.0497037274048816	0.06320141629568111	0.059418303443708825	0.04659153257656819	0.048664040799246425	0.08230267154917138	0.03431186472452695	0.043571029372538414	0.0642385344322221	0.036553526844644295	0.057239646749762646	0.05527768792487335	0.041812798414039926	0.049128139280983106	0.05774477966687322	0.0480219716525943	0.038711813453828875	0.02926952453915714	0.025513957875153932	0.036503864372773746	0.03253245201838174	0.024767829292499644	0.041554721759431944	0.04445194675102425	0.047717611262489884	0.051751139638614475	0.03320863967136821	0.06537529177633895	0.047494888376327385	0.02172292423629012	0.05427519854339433	0.03439021808733436	0.016478946296008958	0.053865002587550136	0.03609855936222798	0.011629149443345853	0.019520938818374124	0.012259764584850952	0.00791658709818696	0.014857871541920725	0.02836917176637684	0.03688493551745003	0.07819053746395774	0.057160412052919204	0.005318199872021473	0.13106392379055584	0.41094078897141423	
1000001	2000001	4.2816036289804424	26.27128468446805	3.9290194782516195	1.7998800077337112	1.1664553916852285	0.9160830653648857	1.021632863327966	1.108343846039992	0.8026709234614049	0.784887468396646	0.5286996980396919	0.6024726278948138	0.5854260921608705	0.19287069460183853	0.2607101309984209	0.1936555162996424	0.062112050751952586	0.33331194850692364	0.30658708542951885	0.4640247038761657	0.2948634990841004	0.36603693705751955	0.5021175381371396	0.6854027480268194	0.5861746020215753	0.4978634274179685	0.5252662378671513	0.3940629239599176	0.4919404928799922	0.4924908831978604	0.4882811665383147	0.47733395865954953	0.47972806051447997	0.12138875389002556	0.15458863058778083	0.09909544051115124	0.13843542178783963	0.16279884486622315	0.18757134124387953	0.2299707599034297	0.0	0.0	0.0	0.8207421017813347	0.8916530960327589	0.0	0.0	1.035868292434579	0.0	0.34100626039115434	0.27448122956215804	0.19641360862320953	0.6204419459894613	0.0	0.08060522750830688	0.04551216981824233	0.07218510253290585	0.05638054041854672	0.06474976602494095	0.0554611461604561	0.06705873761089565	0.06433895050011698	0.055604943547107044	0.029556850045782974	0.04539090764819419	0.03427475152064966	0.02802817825825082	0.031598866380422544	0.04671468941367782	0.059198130626517416	0.05144575634284068	0.05886099989951902	0.040534822181837946	0.03400868144868483	0.05187585601209299	0.06560461153760137	0.04184713827750934	0.04561933367160036	0.05473230123132395	0.04818154449289558	0.030198327810374948	0.0369989730749567	0.05910378147077507	0.02371115717157177	0.039672390475752224	0.024912252130072247	0.0476118519704143	0.04150954732418089	0.048797912339784054	0.04279934860957242	0.020143829727747514	0.039174761599635254	0.0451123095913222	0.048473700581879046	0.033250093337406236	0.031727144965370185	0.0275549366167252	0.020627405524930677	0.03761498099764695	0.018881733021077284	0.02495937428735563	0.024911642808065015	0.048962617279142674	0.053136389145113	0.05485258445015456	0.05925954469764477	0.02760277346971335	0.021202397278062644	0.0448247043707916	0.023668443420176547	0.020414404255108518	0.0360124215191806	0.029813013955713574	0.012805681658691382	0.016121918206790712	0.006750048369785618	0.009807205293357019	0.02249645292421615	0.032801273519386207	0.013846574952340592	0.038158463857423996	0.05395147356430099	0.01317655633396983	0.07937808274350269	0.33938704737885067	
2000001	3000001	2.406596809515045	3.9290194782516195	22.400625355725147	3.002064477511077	2.108431970158156	1.4130979357118805	1.1888336688408716	0.8981233111548864	0.7399769727842918	0.6548481199472079	0.5011596393543238	0.47650203437976746	0.4571784666323135	0.2406621804201435	0.2512014573818083	0.2019336790631021	0.07645264034071195	0.30163148552922314	0.3284663401852101	0.397640311831459	0.3312688499230871	0.38656388550226095	0.37092475772778827	0.3663821616509311	0.3737519785974549	0.35968964010328475	0.4063702272914233	0.3933511840101615	0.33825203833573203	0.3127348947012168	0.3293128779131387	0.32919153919549055	0.4407094382854312	0.15315068325652273	0.1605246595680611	0.12474071960037986	0.17479865737837103	0.17290328599630742	0.20261541447562068	0.0	0.35082731795935707	0.6319538442711597	0.6914857281517763	0.18784454819871088	0.3571296051083276	0.0	0.0	0.4148914368910658	1.084375346419831	0.0910544184016652	0.6596200263936299	0.17700438465880175	0.4141711392575743	0.47712515242472564	0.08264814397700068	0.07916496361593527	0.06449590705627074	0.06137626047549928	0.05776190850849056	0.0637928768402842	0.07886177242683387	0.06700037786814544	0.07126779369924685	0.05488650420368342	0.04497208840839505	0.03124281694978956	0.032657436853163975	0.033366199860901016	0.04893492895801192	0.07052308573046404	0.05416257097758595	0.04977011664371675	0.05374417974887201	0.04237749173003114	0.04442105812885994	0.052552610686719424	0.044695564629950876	0.04239033552990731	0.054804175559927136	0.07075906402874356	0.03326178260138147	0.034380135716138356	0.04545131244817582	0.04305269422091473	0.0431294442935905	0.04102061213801201	0.05121590079699007	0.04433499473451581	0.04153269459648396	0.04456977471751928	0.040340565114661796	0.03922620580396833	0.04336468893085732	0.049419853515101426	0.026635005825105456	0.030256008549660464	0.02986333171624538	0.0203367319484139	0.028696668115642237	0.027729575086764845	0.052483516845211034	0.042011548157499835	0.0411347773563702	0.04071428486838999	0.04194243459717543	0.031646594235555534	0.031421203237804805	0.03135543170370596	0.047448343384709046	0.02907141704399886	0.01635296992201733	0.020363132016561893	0.02865807776176275	0.020515996879321714	0.012914471577337275	0.005407130013879484	0.010474756364977512	0.016382541973105538	0.03941321768908519	0.019965251868246842	0.06348501436757142	0.04862009026067177	0.021110175610562304	0.05780532498482259	0.13593309185889618	
3000001	4000001	1.400669881717931	1.7998800077337112	3.002064477511077	20.588937562713937	4.814754178675399	1.8028223168239232	1.2118623398060033	0.8037474458883864	0.7430914751330044	0.6779918113392717	0.6106214847506864	0.5128807155279458	0.5294108382418001	0.3249109109907062	0.3269055834386459	0.27056949521505336	0.14570984884495036	0.29151119544262244	0.3153223089088314	0.3255460813978363	0.312267688199755	0.3892337099005173	0.36383726183048876	0.42470643418561815	0.42268950535018357	0.39853161914181023	0.39990094282212857	0.36073264281568446	0.32718451051430614	0.3374626219569568	0.31969529777603417	0.37108231555518106	0.38206181124125527	0.23902590767091253	0.1929598583790886	0.1286560025791601	0.1901394219082662	0.1426894000602611	0.18725566958897605	0.3483339389558212	0.0	0.29873672248197913	0.0	0.7991795390807277	0.6752881002212403	1.2888355741365385	0.0	0.0	1.0252101157904283	0.258259036802169	0.41575341101178664	0.23242603614374924	0.23494398486863985	0.22554622547389425	0.08668515445717645	0.0768152192422825	0.062028234567598574	0.05802747481913738	0.044579859265995156	0.06354324946499743	0.06375330476194012	0.07698821211734205	0.05294088672402095	0.0529092963623517	0.04523227688791397	0.04296459569309836	0.04727825568198502	0.051125769115594924	0.04263633751869456	0.05632907771774117	0.036735725979164455	0.034671796169365277	0.04446033590643024	0.04006530888671873	0.0447068831464607	0.038092030590003066	0.04460450985171991	0.05389726291156445	0.03849038011434643	0.054735003654050984	0.03716459764447209	0.04147100503172532	0.03580951424527971	0.047886672075136784	0.03004564590736495	0.03668611344728273	0.042240014819822605	0.0409633709046184	0.04966070659964388	0.05294258705734524	0.03704981962562762	0.036026363178203534	0.04197480121779426	0.04672342829615309	0.03777263679433978	0.033182023836966994	0.02209612789359728	0.027638996142040427	0.03933985227644383	0.025024941802460926	0.03662423649725379	0.04865618142212212	0.035272687438775666	0.03499349928807777	0.0349332761628117	0.029919906098681528	0.0385088313938696	0.05311329515540773	0.04728432399871997	0.026290224437987036	0.03435716904282635	0.030482471700423164	0.03010494200132064	0.02182118816732113	0.021367215838642033	0.01789237962734882	0.017330664965063223	0.02013529000934367	0.04436044085317722	0.03775183242077456	0.042237120875261096	0.05107477931926953	0.039916742212030544	0.04098853140426961	0.0	
4000001	5000001	1.1098662127105272	1.1664553916852285	2.108431970158156	4.814754178675399	23.595014417283096	4.587526334021459	1.4636026881459139	0.7303415260043737	0.6904127773670395	0.5732979986787826	0.5361375073112018	0.4050819124510217	0.42206923871098573	0.42878035619020655	0.40517149766338567	0.3732910740922278	0.22121859637327784	0.3474763624375174	0.36271688652939216	0.3512730305568415	0.35285858876743204	0.3599750436063278	0.2931828271374406	0.2504582153107319	0.28568141567999056	0.3005239344504871	0.31664982303835715	0.33611774074105627	0.2492892642295274	0.2883202192445267	0.24006806317806484	0.2971612985689022	0.31968484040684575	0.3628268308715894	0.18811608185733317	0.17903542219119076	0.1905876965410495	0.21368838655139524	0.19712684836166994	0.20988541393842097	0.0	0.7200042676827951	0.0	0.21401701657500405	0.5696440950155048	1.0354347087628768	0.0	0.47269845400044375	2.4709237368205015	0.10374107291994471	0.25050839728134117	0.235277569334516	0.2831266781773491	0.27180161105025513	0.07945049393300554	0.06645951410900246	0.049410412431351296	0.059372697251336044	0.05506542830419005	0.04672360804989583	0.04948239936717144	0.05167331008559984	0.05219843694651615	0.07847387155328339	0.06759064609784943	0.04422520062330527	0.06976427388353572	0.048502059894665606	0.04044829509254491	0.045715867302030685	0.032196035068388154	0.050735703838747565	0.039545912949371834	0.05173067934342683	0.057140621598095506	0.01796243712194659	0.04950849017308837	0.04330040064524147	0.044600047758566366	0.03847675238164656	0.04134126792069284	0.04457314100610456	0.040995718107127474	0.02741099049869877	0.02198309809150929	0.04042035297708042	0.03848738126097024	0.02640410987563722	0.030618476884229567	0.045571527601240384	0.0380821660085873	0.03830709542190949	0.03529050802409666	0.0549649365116795	0.03151323026669625	0.042744774465086795	0.04881733564458824	0.03330724627926831	0.04250348472201987	0.030157097437815597	0.04413519429342575	0.03829202938103445	0.049045923880268995	0.033736018282908925	0.040959680178363204	0.02403728596509	0.033147346404821476	0.061028839282916	0.055520406493090875	0.04176246010627	0.03933303332156478	0.05800084170791802	0.047162586007118486	0.03506175041766258	0.025749239103421112	0.03388279376193117	0.03580262714163624	0.03919677126806317	0.0384897254260451	0.02527446634277991	0.05357808220978812	0.06462674175787317	0.032068621612005625	0.0757382730089153	0.0	
5000001	6000001	0.9442827237488081	0.9160830653648857	1.4130979357118805	1.8028223168239232	4.587526334021459	26.405909723468543	3.3931551609966375	1.0043540080598927	0.8765031988051161	0.7260822368973349	0.6210013078600894	0.4513161868679182	0.4646714815331304	0.5070946089324848	0.3987109724247833	0.36192860969043006	0.2810888829857292	0.3050696871689045	0.36223713520625245	0.32844379361679943	0.3453026187101604	0.3735053701929413	0.32642690913858086	0.3094220478322778	0.3114499736799809	0.33387271801696117	0.41711175241735454	0.3848253139642877	0.2939609718823217	0.2761734321859772	0.25533739572156494	0.3256836085963933	0.31603964090814796	0.4800998091245642	0.2711774554905573	0.22316911588446148	0.19018285639572538	0.19470892867471296	0.19150040463185622	0.2245797929760194	0.0	0.0	0.8429879185621597	0.11450032752123823	0.1741501987448773	1.1079269786816957	0.0	2.0231710045491833	1.3219583268361141	0.3700137810482762	0.2680468496810554	0.15584504595017667	0.3029487832332762	0.0	0.07241842784302636	0.07746176507429604	0.05151407281958615	0.0465882743274687	0.057483549233639554	0.04582856199422304	0.05712673840876611	0.07665347712642867	0.05430145430443615	0.04985596432692703	0.07932174141452057	0.042704741568560876	0.04230085679643281	0.07434003275173788	0.03977093787851078	0.05039881898437377	0.03157928188088837	0.046304285735070456	0.04640953833212463	0.049817176598931125	0.041925338413038304	0.021355570136501457	0.04389328194230761	0.03207594727043297	0.05535817088519844	0.03921006193723349	0.053451385545436395	0.043357973250103626	0.043865887164999263	0.03396113748347555	0.03459142108377481	0.04054709990295731	0.0345396899828826	0.036851347174853666	0.055099929749588925	0.05154845882848368	0.03231765935738109	0.03825642813732248	0.02643287299553287	0.04446844947605267	0.04371048466618606	0.04868819730534795	0.039572051038716784	0.04803535504833661	0.03673321186048084	0.047634362492853057	0.05484212429177112	0.049935733222919165	0.03032160409616879	0.02932956433684065	0.02556594026532231	0.02314815376639846	0.058167585102376886	0.05893067240112798	0.05628076089094245	0.03544086645009398	0.03765660643868439	0.05792412628168342	0.05822827654243429	0.031263728234769694	0.04723196620445719	0.056030418657831677	0.02873191533628437	0.03195504264842138	0.045760495933277495	0.029748364803267587	0.05446270260373504	0.03951505868260124	0.030024567853810424	0.09161135969835925	0.16571557373444165	
6000001	7000001	1.1561190002720272	1.021632863327966	1.1888336688408716	1.2118623398060033	1.4636026881459139	3.3931551609966375	25.491229060234144	2.872736286931949	1.893383526911319	1.4009964093389906	0.786439435108432	0.6229589761308095	0.6079091861667222	0.47005339774147875	0.43034396962132165	0.3889090621713322	0.2230535129700814	0.40786381702277635	0.39697794309402107	0.4026600755099337	0.42198234214863867	0.41584559955803985	0.44216335251055155	0.35964313781511936	0.388634362545939	0.3908610991304321	0.43771329527011527	0.38749765667794994	0.3176219484321415	0.3185881819178517	0.3081585411443002	0.38733421574489296	0.40700021836948175	0.3519496212186523	0.23096064147577794	0.15296182474487202	0.17746825536285094	0.17155700698232923	0.20062487919777203	0.0	0.0	1.5911811611076279	0.0	0.35472690255007644	0.35968316665756256	0.0	2.22470699377085	0.0	0.0	0.3821061630522452	0.0	0.19807778674958929	0.7299819823310602	0.0	0.07153359971309632	0.07343645834693865	0.05039772526499793	0.07872679781844856	0.07271864985197861	0.05736518845555625	0.06043256194452508	0.06488408316606134	0.04966738027223071	0.05825968375891994	0.05179858855623209	0.04767607653925943	0.053961707112768306	0.04490293360790473	0.038654764964365006	0.04592285078884782	0.038540652229088805	0.03957314589924266	0.039468671233913656	0.040012969562825434	0.050511412057865954	0.028669536102124624	0.046890779728191216	0.03496445230858264	0.05716732552665077	0.05871264876209429	0.03997112825489803	0.03581996054175597	0.04291528137543197	0.038259292249562385	0.037150775717853766	0.03070629134445313	0.04664339431955328	0.03678715948898833	0.032294960584451006	0.035968316665756256	0.039177973680040334	0.026808105980561072	0.036395630635363066	0.04740306401188721	0.02708338948938426	0.045708519301805715	0.029423016816954663	0.032003350648309954	0.03612732014062668	0.034909810173294364	0.03460991970823647	0.051567677741496544	0.0349255268289874	0.030288080787136837	0.02891588268934861	0.03851305717715179	0.02783664693783863	0.03782976569363904	0.050047835128371805	0.02227771653187934	0.050324686937807415	0.04272652760380762	0.02605686581732409	0.05165672783171229	0.0	0.010210860522180351	0.02637413340584542	0.03506182221332304	0.028353593973005877	0.019549452381564563	0.04144191029200578	0.05780913214112433	0.03543519730510313	0.09460530104356292	0.1711313072131423	
7000001	8000001	1.0397620772013336	1.108343846039992	0.8981233111548864	0.8037474458883864	0.7303415260043737	1.0043540080598927	2.872736286931949	20.479982884317444	4.1788920863347485	2.4053311859146644	0.869849465410558	0.925855270517572	0.7719721600504971	0.3206268449749615	0.3249552384059885	0.2594922891509292	0.08179653757562648	0.37764170381445394	0.35299833943079356	0.4428808123018997	0.3082858999907747	0.46323035582679206	0.5753222343130544	0.5552956000795832	0.6015404084203705	0.47174054066805804	0.46363767583808785	0.38163053205246816	0.44235258062493144	0.44578561280013096	0.40589883659129394	0.48747877661428596	0.481229269121001	0.11916773157055101	0.1686223974479865	0.08437751712128734	0.11901066425971922	0.15263722340496005	0.18134940045542072	0.0	0.3582881537278193	0.0	0.70619114357947	0.4795983160136164	1.0212285100265988	0.928136931561589	0.0	0.423714686147682	0.0	0.34096633459085096	0.22454925763586833	0.22093943857247225	0.592170698522368	0.24363594453491713	0.06462316984984405	0.04361564774994696	0.07608832257598735	0.0662295230404862	0.0481553441946717	0.06165936902087006	0.05952873650783679	0.045265924710514334	0.04808903442315187	0.034071882891606585	0.033224860076155875	0.02900658122092037	0.027098453789817956	0.03642583269711076	0.03331706597830987	0.04594561645153891	0.04689700329135664	0.053503734834317085	0.029730526167638258	0.044824376789929246	0.02780480491433718	0.026835107890177016	0.05198581174047152	0.041799003994838886	0.03678006448297131	0.07390621526894248	0.027792933656305904	0.02300394049676204	0.03481342384399864	0.03491597931232889	0.03129630573501481	0.036231760503380186	0.03783771663440531	0.030871255009492796	0.03867336224983963	0.03851490380671744	0.03060457318536982	0.04234957224369038	0.04323244996183421	0.04686577640317526	0.03138627304797644	0.019775644848613404	0.01591221778332384	0.01687499216236306	0.03663367884625705	0.024457562984960244	0.030628372892137715	0.03325136162975447	0.03810169956236173	0.038745122378184366	0.042834399390792914	0.040938164458663946	0.027335431226630378	0.0280194678818908	0.03274148585374901	0.032271371269327796	0.01855637644502206	0.03466030437598849	0.014633766022519049	0.020952298374408353	0.006594557979020629	0.01932742080399388	0.005348758387155151	0.020077127691381716	0.026834263421358192	0.006796613665656978	0.02161170412787556	0.05241262393753879	0.007186371050362573	0.053131172784450065	0.1388239000198958	
8000001	9000001	0.8933014231150096	0.8026709234614049	0.7399769727842918	0.7430914751330044	0.6904127773670395	0.8765031988051161	1.893383526911319	4.1788920863347485	18.952994226504845	2.821301363445672	0.9851859015801684	0.9292697941544478	0.8478201262678897	0.41690258609511976	0.39619281609010426	0.2928262483170137	0.11930447468275765	0.40237414182109776	0.455250210702389	0.5008907751576837	0.38979478019510333	0.4353366923790939	0.5076262031706145	0.5429044017479147	0.5634245095275063	0.5064557646210314	0.4710585368477275	0.39286207126029093	0.44498437441432004	0.4088861086285775	0.4330235736043084	0.39831814296588325	0.4061466554904555	0.14991310122235918	0.11887316325007427	0.09411156273431928	0.12598780680525318	0.13619673217375697	0.18108588118578128	0.0	0.0	0.2824018080133644	0.6180097537683772	0.6715381576380791	0.3830180210480661	0.406120695333505	0.0	0.7416117045220526	0.0	0.24413744089704975	0.5895300416131524	0.18456226982901452	0.14806483684034036	0.0	0.06694115989338906	0.06702919892416326	0.06161805128816085	0.06830942012721025	0.05162423662732262	0.050905683566538566	0.045966566508187874	0.048826081695708505	0.06142018998002116	0.04232141499618336	0.04532451607434131	0.023692254232091925	0.03374783755498517	0.023650955635062688	0.03430211399269439	0.03803500395898651	0.04840735794039853	0.039799359914919785	0.03402367545914657	0.04734317384141573	0.02945555092742333	0.028181081403250152	0.03994629790165623	0.036579603697206114	0.02519011893867364	0.03736929112071417	0.024322457512526915	0.03178651767381953	0.05416232183538052	0.0396097015751229	0.026373983021563078	0.02873495485850271	0.05356507972024646	0.036021855896281485	0.04148650949539632	0.04800492530469095	0.03193358931564786	0.036059762951250796	0.03137458359136597	0.04416859272536331	0.03753837022889402	0.019469564584525274	0.013925274882853465	0.020447762645328053	0.02821215548132188	0.025909586284947814	0.030154318036522094	0.033792731979410254	0.038473820784561935	0.03556106005140847	0.04551836249970529	0.041483033659977735	0.031202716902864476	0.028023662438127945	0.038968200890733024	0.020334007475371528	0.019487112080437803	0.02426584515276482	0.02988174496831215	0.013752004195652144	0.008656653067401142	0.016914024879313587	0.007021296324371793	0.02049846937715466	0.023483495481876025	0.011895854475549012	0.039927596451327735	0.04586791141249674	0.0220115560113654	0.038747279812834406	0.2429781937892765	
9000001	10000001	0.7363067593995233	0.784887468396646	0.6548481199472079	0.6779918113392717	0.5732979986787826	0.7260822368973349	1.4009964093389906	2.4053311859146644	2.821301363445672	17.463899450931113	1.9927691962052356	1.715360925969899	1.4589764287186726	0.5787635533461825	0.5456143079494152	0.38414961397432773	0.13616972627314586	0.5475504797252432	0.5062445044559727	0.6026787135532021	0.5041237218316373	0.5500565350741642	0.6836279731826438	0.7636007634317845	0.7708176505387816	0.7250728701164431	0.6361424890868446	0.45461766992046115	0.4980498284617677	0.5098842978934548	0.551589233326073	0.5273657359806627	0.45858297566868506	0.1352971632663735	0.12145470442948968	0.08870864940941404	0.08267416860860587	0.10654298761952788	0.13079196418910263	0.16536788039787725	0.0	0.5672884903715258	0.0	0.5058694609021678	0.641171871602548	1.2237223149442915	0.0	0.37243722628739306	0.9734154777965955	0.2997029842579849	0.19737456692649863	0.25599302342713437	0.5205068874329019	0.42830281023050204	0.055643313100019215	0.04488273090506298	0.045917750648153205	0.05717495828421061	0.06137507842710097	0.07567187459902863	0.05437658444453746	0.06292039210092062	0.05369350532350056	0.02318596888512665	0.03951132935705738	0.02804586224622305	0.04122524482454781	0.034083273620310515	0.03875965583471945	0.030561872289638272	0.035936764098112306	0.02351438745123402	0.03316826493700647	0.02988949032536414	0.01800834712805066	0.02987756872775834	0.024519026346789083	0.01705810647037936	0.036545807705664575	0.030315679715664644	0.02850104257190108	0.02766951514682963	0.030600343669719126	0.02046032532948258	0.02649001633282519	0.027866155512719717	0.03521503064587889	0.03708484376467854	0.041669030924394064	0.04719024974994753	0.04138591267083796	0.01710313768185318	0.025951567130021114	0.02851901619330577	0.027587942687955044	0.02498722766665368	0.018648719524554474	0.01255083092475764	0.030912300981962678	0.01131459846331965	0.022434802274920226	0.03299858756288538	0.02404458795102666	0.028241753869707096	0.028686194330813482	0.035983875279148966	0.020893329604648993	0.03166532277169648	0.029930315180328584	0.02155810478536489	0.02446605793616486	0.024372603633702146	0.015721205661156975	0.020718759968151135	0.008694738331922493	0.009707679288995966	0.011753644627620803	0.011764944656791705	0.01853249513230872	0.01991365121027069	0.016885582898896197	0.01939777220246839	0.02210839666406249	0.028539683259846876	0.1220235926582627	
10000001	11000001	0.6170495262759985	0.5286996980396919	0.5011596393543238	0.6106214847506864	0.5361375073112018	0.6210013078600894	0.786439435108432	0.869849465410558	0.9851859015801684	1.9927691962052356	18.918194522588145	4.320351990329999	2.5453679179455126	0.984068870873862	0.8938916529128964	0.6721277386505805	0.23860836103563546	0.6577987558971495	0.6769226638381013	0.6786587448286103	0.5935789551796845	0.7034328978530736	0.7641796989481597	0.7593049833946904	0.7175701145999077	0.7258761173356423	0.5926055463811699	0.47666526726079467	0.4730368259677025	0.5286806499168342	0.5691380362642977	0.6083921875229537	0.4585774064888438	0.199372430754799	0.17360743713386403	0.122642820080374	0.12450529032425756	0.17255652027278032	0.16516715126913556	0.19369778726979703	0.36888034487409876	0.9967098060174324	0.0	0.4937768395952503	0.450608325474947	0.0	0.0	0.436241103503282	0.0	0.1595665613959206	0.0	0.17577315691445103	0.26129024428582	0.25083863451438715	0.061102327946233374	0.0481908085083857	0.058461005084109154	0.07305802320751065	0.07932636249003473	0.08504222638965471	0.046867756173339235	0.061777575904424765	0.04683445204450962	0.043000262153411434	0.045274099763947626	0.032850523608916486	0.049360785368163115	0.041131995338634465	0.04237309515989326	0.03835453127131302	0.043331287735075025	0.03855983840568141	0.025900311920383532	0.035009991811682906	0.034653503882217045	0.023944650649388943	0.02349776435731964	0.02920213262935177	0.04116022357559436	0.020290967772238	0.030204284528635248	0.026177067657914478	0.04181639537034318	0.029291135665161984	0.0167074593615368	0.02914288438916107	0.038956325561215775	0.04025962202883389	0.05009194677826416	0.042056777044328385	0.0315093463009666	0.022389993684926036	0.03365431464346585	0.03587916052636182	0.029082740233552135	0.02545034846939805	0.02047829492320901	0.02940193915134806	0.04224269549455893	0.01457824789802007	0.021022566404222905	0.03533871755067531	0.02414037704846135	0.035025855138443994	0.028350467294103784	0.02994757077996221	0.03303808937724556	0.037090050010342025	0.035057810554072276	0.021264269112165914	0.032478440052892965	0.04282197409642061	0.021762561723752225	0.010785859049261473	0.027158060307417745	0.0198988037352755	0.022027541999068027	0.022393230659847777	0.005920194347755184	0.02099263260767607	0.019778327184260765	0.02556100215839543	0.025895884397916232	0.054701907211763615	0.0	
11000001	12000001	0.5448114516151326	0.6024726278948138	0.47650203437976746	0.5128807155279458	0.4050819124510217	0.4513161868679182	0.6229589761308095	0.925855270517572	0.9292697941544478	1.715360925969899	4.320351990329999	19.27140626623617	3.010654368421303	0.8468161083746935	0.7487157843582649	0.5096628900937079	0.22130650797842158	0.6673075065837724	0.5705895699953424	0.7551762726218997	0.5511843828107248	0.6377703906512431	0.8506107980318554	0.9358678656534946	0.9983933665708269	0.8241571456052348	0.6819628180318602	0.470349141905908	0.563203758707387	0.730081017007605	0.7192245200239628	0.6539766351689046	0.5145632470722009	0.16724175403424124	0.1076807193716192	0.07253158228057499	0.12520185229512068	0.16641035771013904	0.1566205700176569	1.0058386671661619	0.0	0.3450492911205774	0.0	0.9230747768363479	0.9359720292073148	0.4962137424686399	0.0	0.9061294427688207	0.0	0.3977285722076885	0.4802068475502967	0.19329018410258234	0.7236450411000999	0.0	0.07050970709287248	0.06142412225296776	0.08621608245982498	0.04931907661001142	0.06436373435356046	0.09827363656234762	0.06490027868247913	0.058531952857733625	0.05419954856923209	0.04230811446139439	0.03866096561628963	0.045489870033437504	0.04011995094394804	0.031410477078786074	0.033529304080252384	0.030539148523490454	0.04114501196127116	0.02288394101807118	0.033012600847126324	0.03801288463320429	0.026601241262171435	0.028693932679373934	0.0284712803055777	0.03671321920473532	0.03419805254780427	0.031610232001945786	0.02476508791393966	0.024597386478778925	0.01861244687754484	0.03318626940076891	0.021070020702852712	0.023002751562062846	0.03926871343277007	0.03961158866640182	0.04668797213375283	0.04243073199073161	0.025172694443524588	0.04405919258036876	0.028187251389932694	0.03469298774072342	0.021254888163713077	0.022467063978960082	0.018432300826453682	0.033311807528929954	0.026636439728942418	0.02202248341911859	0.020468719406738983	0.03211385935673596	0.0355177452204075	0.03031385467828124	0.033805846450990475	0.03916610790654531	0.033041379471191665	0.034240378724561135	0.033609058512631636	0.022084324662162633	0.023810096176948334	0.020383642371208845	0.008693013040444338	0.02240363040438901	0.021154057230697194	0.01476157155462579	0.04289443712338682	0.019678851550311738	0.02254452334793797	0.01695727639550169	0.03081161617930644	0.041294961584516565	0.023052478265263854	0.025249548320429943	0.0	
12000001	13000001	0.5680532744885578	0.5854260921608705	0.4571784666323135	0.5294108382418001	0.42206923871098573	0.4646714815331304	0.6079091861667222	0.7719721600504971	0.8478201262678897	1.4589764287186726	2.5453679179455126	3.010654368421303	16.78244774949298	2.3001431458434096	1.728879880188458	0.885566990061858	0.2879964501417296	0.7579536674135002	0.679902049367153	0.6976142690690637	0.5505357369071746	0.7375443451353991	0.9006900959917398	0.8566951630384123	0.8194425263767057	0.7910571930871556	0.6580076343557089	0.513802990622681	0.5619103772903842	0.5900755504910219	0.7184039099502157	0.5427962582669238	0.43924266614338087	0.22564911686246297	0.14044529872242043	0.1007660863116332	0.09172945953943805	0.14722923430108395	0.16121212775713797	0.5288558551916046	0.33571977082016075	0.6047402494243955	0.0	0.359510935681432	0.3417506649067505	0.8696740729817497	0.0	0.0	0.0	0.5228002537962808	0.0	0.1693821102571627	0.6341373448825258	0.2282894441577093	0.04695915163879586	0.059807298982480335	0.04894918978840109	0.041002448648504865	0.05189037396543362	0.07739733805365945	0.06015388026960194	0.060169616719755736	0.04871343931241297	0.03604515967663566	0.04211982364533382	0.03805126063427173	0.035157511933938804	0.03303037606275184	0.037645767648578535	0.026761759508803842	0.034929039874088096	0.035093493845100666	0.03642945158220316	0.018827995394450254	0.03428078267677408	0.03520268992408779	0.03207814203621208	0.019583053326846178	0.01348564206897958	0.03385599630233311	0.023148685636119836	0.03403410686642787	0.019934777214692407	0.024234548212071053	0.0162916488052031	0.02652307883605694	0.02919769069962709	0.030855136902545606	0.0572783878938414	0.041556880852660856	0.03970634838959095	0.03968199489728105	0.025688799411830266	0.04166173979055091	0.029409268168464966	0.018529987350463416	0.02857733809904109	0.018244667602779263	0.035699188332483936	0.014473890896034828	0.025111719277732415	0.027136633760051737	0.02380112899230268	0.03099172098411584	0.026757522024429072	0.01917974547422718	0.031181757781486675	0.015002592168086044	0.03926926954279793	0.025400436194298482	0.01912627202661794	0.025981655984090402	0.021329766539027833	0.029448786131604534	0.015447925575700995	0.012935711930967209	0.0175414501548185	0.023515599933839032	0.0305319845069708	0.012736997070357596	0.022500438020669162	0.033602386481546884	0.00673370530662073	0.03595544916465012	0.0	
13000001	14000001	0.3023966686695783	0.19287069460183853	0.2406621804201435	0.3249109109907062	0.42878035619020655	0.5070946089324848	0.47005339774147875	0.3206268449749615	0.41690258609511976	0.5787635533461825	0.984068870873862	0.8468161083746935	2.3001431458434096	19.475769986483193	6.068145802583065	1.6264688112261878	0.719704036404165	0.724843218346749	0.6289122182403778	0.5228683773682565	0.5283337919490687	0.5296829046000069	0.44016989094059356	0.28200945990502774	0.2879097074052717	0.3116839715273157	0.3489257431114921	0.2976965303625161	0.18182048562539446	0.21324241717510134	0.25129157109506317	0.22862971791574402	0.2780666633651129	0.42390819447339173	0.24155602562385164	0.20219193524610043	0.17801890205023965	0.17509841092610676	0.21562218859363172	1.1414523436588364	0.31054218173071285	0.5593872412632709	0.0	0.33254910799509413	0.25289662703818533	0.0	0.0	1.101749653444616	0.0	0.16119746837930135	0.1946255148174053	0.20020114271510098	0.21996737872592162	0.0	0.05601139738147808	0.0756067331221681	0.03740373354427772	0.042027698486212836	0.05843333554196688	0.04638410583772657	0.04046733743628319	0.04288337421410985	0.04055412023561842	0.06192071291783962	0.05674756056333739	0.057824585946523725	0.06142826182079125	0.05906958763152869	0.04841175627994382	0.04197542639907495	0.017718116681343668	0.03246162749541724	0.03567959359241476	0.024114425404497545	0.03424665559405285	0.02480962614994424	0.02637547960367023	0.04528601406323928	0.04158091632901147	0.044128411411799705	0.041486971233179716	0.04827192488464294	0.030174139115534855	0.024658763475007773	0.0241117484459072	0.03631025788802275	0.019291417935538176	0.024081578208210375	0.03892609953540977	0.03844028730980417	0.03264758853251673	0.023809303795195125	0.03381550406762345	0.043745023108975115	0.03627159352904086	0.041779518361903946	0.04022589014173111	0.04387862251317867	0.04191240825211077	0.03570242444370641	0.03539572507705365	0.04555457204925312	0.027943566276514543	0.018838623517903726	0.02033102985586818	0.028012648716809828	0.04223476683164114	0.04510174512321197	0.04313503185465581	0.04810985161495202	0.04181717333484903	0.040555923153792285	0.03523236178204831	0.03632033256898851	0.04286818586619666	0.05264858384736474	0.030133840686053806	0.03480324410002221	0.028242212420793337	0.05105435905708577	0.039544697299042086	0.035864246531400266	0.034257879497761705	0.06651787948872066	0.0	
14000001	15000001	0.29929681218485205	0.2607101309984209	0.2512014573818083	0.3269055834386459	0.40517149766338567	0.3987109724247833	0.43034396962132165	0.3249552384059885	0.39619281609010426	0.5456143079494152	0.8938916529128964	0.7487157843582649	1.728879880188458	6.068145802583065	19.225467109917297	2.2983661727771336	0.7137333644188248	0.8055720838465028	0.7020889066464461	0.549258538827508	0.5427778824450158	0.5247539248784303	0.42557831976780036	0.3113630381927349	0.34365127135375245	0.3322476018192801	0.32756892256755665	0.32295119767707803	0.2535858971011384	0.2665925855607522	0.2921672633776021	0.24636283185024208	0.24704719601081532	0.46231686620080265	0.2362311567336365	0.21109931911695407	0.20685820614670997	0.1896470850110023	0.2525577024305041	0.4865880058410099	0.0	0.0	0.6088226739749835	0.4134720915774986	0.3773242320743161	0.8001669429385496	1.5558801668249578	0.7305872087699802	1.9094892956488116	0.18706192845414568	0.0	0.1904766733499639	0.5834550625593591	0.0	0.05230203175350089	0.0697012575553938	0.04601607970030231	0.04588224564190975	0.04670523539696908	0.05416085577382266	0.04025177454536852	0.05173046095626534	0.045940608270657705	0.05306290459329941	0.05897267598466168	0.07668875177381528	0.06379667778498126	0.06989811065602972	0.04477465548659684	0.04389294966042885	0.023843876995170495	0.028829205100520092	0.040418636206679376	0.0319812957367985	0.03154095301699392	0.018508101995494596	0.026234981735690152	0.033461838703199055	0.03584483204066556	0.03822968895532017	0.031947853099137224	0.043839589255565824	0.04335269814682544	0.02118276341776017	0.021984700011751863	0.03514070829430846	0.023985819632450528	0.030163414283352577	0.026888018449188315	0.05030989760990881	0.0365328901863431	0.028616324594192	0.023635668501246897	0.034188000410393285	0.03788229971399897	0.03409802313658592	0.037725235492449376	0.051478586157935886	0.034109302667891445	0.04328054672337614	0.03740762645082267	0.036064581660356615	0.027794715467179352	0.017923565717549887	0.025498224509689436	0.02321952493050733	0.03483738611052248	0.04256090598735303	0.04967977310616701	0.0344990913328518	0.03519527853665504	0.05677465772174864	0.043455409090779815	0.04967443263069201	0.03979717844497456	0.05712887285259364	0.03919588345623796	0.040387495059733144	0.026439313668019108	0.050782400832765494	0.03726383604755221	0.049942484974510364	0.07124854978233897	0.05852929389376658	0.0	
15000001	16000001	0.252677099558843	0.1936555162996424	0.2019336790631021	0.27056949521505336	0.3732910740922278	0.36192860969043006	0.3889090621713322	0.2594922891509292	0.2928262483170137	0.38414961397432773	0.6721277386505805	0.5096628900937079	0.885566990061858	1.6264688112261878	2.2983661727771336	25.512284051143638	5.141923513922874	2.411504564743518	1.1765866081641165	0.7473576539940864	0.6700656607921339	0.6007938515076053	0.39069907698103107	0.257672871358454	0.27001458196450745	0.31678149025332236	0.31630871079660705	0.31735231308866235	0.2108202453112109	0.23774962755155346	0.2141479813303883	0.24213230299132843	0.193204753585255	0.5288191950114606	0.3508416305267796	0.2904465435048518	0.2898026068702859	0.2714628294519703	0.26394390849399585	1.321116849313497	0.4193250783972987	0.7553405385699685	1.65299161339225	0.7858218004610795	0.34148629138941694	0.0	0.0	0.0	0.0	0.32649738928644634	0.2628028141107494	0.2350709425475376	0.3960292407085599	0.28514105331016315	0.0710016426354914	0.0709662265633852	0.0491771457919502	0.04429268078893823	0.05354100074508313	0.04901670288972339	0.036884053271568074	0.06406556676515936	0.05323910733699133	0.05531224474370467	0.059471100481824496	0.06902771748519704	0.06342973465147365	0.06738484946440952	0.06307669200039807	0.050866141008438885	0.02533211075259334	0.029743775634209556	0.03881017786119133	0.03617967369518327	0.042817829430603825	0.03350043582599119	0.03264690696239182	0.026207014488848056	0.05614670735653503	0.034598665001064656	0.05421276126056717	0.05242865861191689	0.0430077003484409	0.03481021351451036	0.0325580916287355	0.03842871338411902	0.01823443985996247	0.025291274368615585	0.04380159041094188	0.042344300132287696	0.03030777453291907	0.032149700645701	0.033320241671352724	0.03375365744873568	0.03795758519641463	0.0578614150385883	0.05431701562498005	0.06532615105939056	0.04287448550659537	0.04218285778350805	0.040326899792438343	0.04770344292412697	0.022867996897117902	0.01548387311189141	0.02387216319730111	0.025216984595194617	0.03894704501419336	0.051531515658463214	0.039851999065012314	0.05438740022870548	0.06080924248969548	0.05476265916971515	0.05518613551785058	0.05210855045711124	0.04244893201261056	0.054934246444614386	0.05633961536314969	0.054827286723558355	0.0448652432240049	0.05833274291262404	0.061828337993530345	0.04519898942869434	0.054669031679553434	0.06563702462918705	0.0	
